You are an expert in bioinformatics, sequencing technologies, genomics data analysis, and adjacent fields.

You are given findings from a MultiQC report, generated by a bioinformatics workflow.
MultiQC supports various bioinformatics tools that output QC metrics, and aggregates those metrics
into a single report. It outputs a "General Statistics" table with key metrics for each sample across
all tools. That table is followed by more detailed sections from specific tools, that can include tables,
as well as plots of different types (bar plot, line plot, scatter plot, heatmap, etc.)

You are given data from such a report. Your task is to analyse the data, and
give 1-2 bullet points of a very short and concise overall summary for the results.
Don't waste words: mention only the important QC issues. If there are no issues, just say so.
Just print one or two bullet points, nothing else.
Please do not add any extra headers to the response.

Use markdown to format your reponse for readability. Use directives with pre-defined classes
.text-green, .text-red, and .text-yellow to highlight severity, e.g. :span[39.2%]{.text-red}.
Highlight any mentioned sample names or sample named prefixes or suffixes with a sample directive,
and make sure to use the same color classes for severity, e.g. :sample[A1001.2003]{.text-yellow}
or :sample[A1001]{.text-yellow}. Do not put multiple sample names inside one directive.

You must use only multiples of 4 spaces to indent nested lists.



Two examples of short summaries:

- :span[11/13 samples]{.text-green} show consistent metrics within expected ranges.
- :sample[A1001.2003]{.text-red} and :sample[A1001.2004]{.text-red} exhibit extremely high percentage of :span[duplicates]{.text-red} (:span[65.54%]{.text-red} and :span[83.14%]{.text-red}, respectively).

- All samples show good quality metrics with :span[75.7-77.0%]{.text-green} CpG methylation and :span[76.3-86.0%]{.text-green} alignment rates
- :sample[2wk]{.text-yellow} samples show slightly higher duplication (:span[11-15%]{.text-yellow}) compared to :sample[1wk]{.text-green} samples (:span[6-9%]{.text-green})'



----------------------

Tools used in the report:

1. Sample-to-sample Correlation
Description: <p>Sample-to-sample Pearsons' correlation is calculated from the CPM values of all expressed genes. 
The resulting heatmap illustrates the pairwise correlation indices, with red indicating higher correlation and blue indicating lower correlation.</p>

----------------------

2. Dimensionality Reduction
Description: <p>Principal Component Analysis (PCA) is a dimensionality reduction algorithm used to summarize the variability structure of an entire dataset into a few latent variables, called principal components. 
Each component is defined as a linear combination of the original features (for example, genes) and is orthogonal (and thus independent) to all previous components.
Components are defined as eigenvector of the covariance matrix of the data, with the first component explaining the largest percentage of variance and subsequent components accounting for progressively smaller proportions of variance.<br>
Multidimensional Scaling (MDS) is also a dimensionality reduction algorithm that seeks to preserve the pairwise distances between samples when projecting data into a lower-dimensional space. 
Unlike PCA, which identifies linear combinations of features to maximize variance, MDS is more flexible and works directly with a distance matrix, making it suitable for data where the relationships are non-linear or not well captured by variance. 
If the relationships between the variables in the dataset are primarily linear and the variance structure is well-defined, results from the two algorithms are likely to converge.<br>
In a PCA/MDS scatterplot, each dot represents a sample; dots that are closer together indicate more similar samples, while distant dots suggest highly divergent samples or potential outliers. 
The coordinates of each dot on the plot are calculated by the algorithms in an unsupervised manner. 
However, dots can be color-coded based on sample characteristics chosen by the users, enabling the identification of whether clusters of samples are associated with specific experimental or technical variables.<br>
Both analyses were performed on normalized expression values of the top 5000 most variable genes among the expressed ones. The data were preprocessed by centering and scaling to achieve a zero mean and unit variance. 
The following interactive plots display the distribution of samples in the reduced component spaces and can be used to highlight different sample characteristics as reported in the metadata.</p>

----------------------

3. Enrichment analysis
Description: <p>Over-representation and GSEA analysis.</p>

----------------------

4. nfdata-omics/rnaseq Methods Description
Description: <p>Suggested text and references to use when describing pipeline usage within the methods section of a publication.</p>
Links: https://github.com/nfdata-omics/rnaseq

----------------------

5. nfdata-omics/rnaseq Workflow Summary
Description: <ul>
<li>this information is collected when the pipeline is started.</li>
</ul>
Links: https://github.com/nfdata-omics/rnaseq

----------------------

----------------------

Tool: Sample-to-sample Correlation
Section: 
Title: Sample-to-sample Correlation

Plot type: heatmap
X axis: x
Y axis: y
Z axis: z

|Sample|GSM1275862|GSM1275863|GSM1275864|GSM1275865|GSM1275866|GSM1275867|GSM1275868|GSM1275869|GSM1275870|GSM1275871|GSM1275872|GSM1275873|GSM1275874|GSM1275875|GSM1275876|GSM1275877|
|---|---|---|---|---|---|---|---|---|---|---|---|---|---|---|---|---|
|GSM1275862|1|0.958917234252736|0.995311713898669|0.956097275184527|0.93917855252105|0.88313201216248|0.898814798613493|0.933995676899081|0.94584464068132|0.895557129290791|0.901046387901397|0.943706090817331|0.955175394880951|0.890070137602063|0.949846611699511|0.905661500163031|
|GSM1275863|0.958917234252736|1|0.956298007286007|0.995181217799115|0.928659680367725|0.934020582079852|0.942367471255815|0.923443225420383|0.91411221675837|0.928669231702113|0.936301378154799|0.916982725947148|0.930738644264885|0.940692753230892|0.92336961686118|0.951315591731423|
|GSM1275864|0.995311713898669|0.956298007286007|1|0.956834334008117|0.934797016054322|0.874885353085082|0.897688686021369|0.933590018922577|0.947949417935447|0.883389620414748|0.892970747512467|0.946072776041015|0.95235062545465|0.885067034761382|0.952477418489849|0.906256304733312|
|GSM1275865|0.956097275184527|0.995181217799115|0.956834334008117|1|0.928676006402834|0.931660348148398|0.944293693489889|0.926382239950023|0.919986499768194|0.920578320785522|0.929136504727622|0.918423224888931|0.936062157853397|0.941319398953741|0.929224138344874|0.959691115304297|
|GSM1275866|0.93917855252105|0.928659680367725|0.934797016054322|0.928676006402834|1|0.953348261271629|0.973095890812399|0.992721754838846|0.926293878480205|0.913868017313863|0.913225859646984|0.938172767823622|0.980478439366401|0.94735511436204|0.977268513872824|0.950975276979776|
|GSM1275867|0.88313201216248|0.934020582079852|0.874885353085082|0.931660348148398|0.953348261271629|1|0.985364443009978|0.946183026185974|0.867363609440559|0.944834453569285|0.93598844739778|0.882152370280511|0.932585122299631|0.984316357738568|0.919893677545004|0.967108013328287|
|GSM1275868|0.898814798613493|0.942367471255815|0.897688686021369|0.944293693489889|0.973095890812399|0.985364443009978|1|0.975695755949169|0.892077682005758|0.926995510271326|0.924645139497045|0.909688502980081|0.949377786614419|0.977197861574419|0.946313072673676|0.970988728181089|
|GSM1275869|0.933995676899081|0.923443225420383|0.933590018922577|0.926382239950023|0.992721754838846|0.946183026185974|0.975695755949169|1|0.928315350826581|0.905061522729923|0.905541677588967|0.948278184214508|0.976516136062005|0.941498220233311|0.979957072387496|0.944913415082593|
|GSM1275870|0.94584464068132|0.91411221675837|0.947949417935447|0.919986499768194|0.926293878480205|0.867363609440559|0.892077682005758|0.928315350826581|1|0.923473860382633|0.93980874798006|0.987692234628211|0.921877720059379|0.856285756231715|0.915480930365979|0.883017143452569|
|GSM1275871|0.895557129290791|0.928669231702113|0.883389620414748|0.920578320785522|0.913868017313863|0.944834453569285|0.926995510271326|0.905061522729923|0.923473860382633|1|0.994854765612321|0.928570130898908|0.891794779147807|0.920951485286274|0.871905482355544|0.909863114476255|
|GSM1275872|0.901046387901397|0.936301378154799|0.892970747512467|0.929136504727622|0.913225859646984|0.93598844739778|0.924645139497045|0.905541677588967|0.93980874798006|0.994854765612321|1|0.94340529938002|0.8914706783358|0.91280035788441|0.874761749454645|0.910359194649921|
|GSM1275873|0.943706090817331|0.916982725947148|0.946072776041015|0.918423224888931|0.938172767823622|0.882152370280511|0.909688502980081|0.948278184214508|0.987692234628211|0.928570130898908|0.94340529938002|1|0.927027471799434|0.870514486963796|0.930487952197564|0.885793728581204|
|GSM1275874|0.955175394880951|0.930738644264885|0.95235062545465|0.936062157853397|0.980478439366401|0.932585122299631|0.949377786614419|0.976516136062005|0.921877720059379|0.891794779147807|0.8914706783358|0.927027471799434|1|0.951030707260932|0.994776978112475|0.962797180310974|
|GSM1275875|0.890070137602063|0.940692753230892|0.885067034761382|0.941319398953741|0.94735511436204|0.984316357738568|0.977197861574419|0.941498220233311|0.856285756231715|0.920951485286274|0.91280035788441|0.870514486963796|0.951030707260932|1|0.941375394019336|0.988122541585701|
|GSM1275876|0.949846611699511|0.92336961686118|0.952477418489849|0.929224138344874|0.977268513872824|0.919893677545004|0.946313072673676|0.979957072387496|0.915480930365979|0.871905482355544|0.874761749454645|0.930487952197564|0.994776978112475|0.941375394019336|1|0.953808372490124|
|GSM1275877|0.905661500163031|0.951315591731423|0.906256304733312|0.959691115304297|0.950975276979776|0.967108013328287|0.970988728181089|0.944913415082593|0.883017143452569|0.909863114476255|0.910359194649921|0.885793728581204|0.962797180310974|0.988122541585701|0.953808372490124|1|

----------------------

Tool: Dimensionality Reduction
Section: PCA Scatter Plot with Metadata
Section description: Interactive PCA scatter plot with metadata filtering options.
<div>                        <script type="text/javascript">window.PlotlyConfig = {MathJaxConfig: 'local'};</script>
        <script charset="utf-8" src="https://cdn.plot.ly/plotly-3.1.1.min.js" integrity="sha256-HUEFyfiTnZJxCxur99FjbKYTvKSzwDaD3/x5TqHpFu4=" crossorigin="anonymous"></script>                <div id="5dd897b2-0cc6-4ec3-873d-4581c7b5ae5f" class="plotly-graph-div" style="height:600px; width:100%;"></div>            <script type="text/javascript">                window.PLOTLYENV=window.PLOTLYENV || {};                                if (document.getElementById("5dd897b2-0cc6-4ec3-873d-4581c7b5ae5f")) {                    Plotly.newPlot(                        "5dd897b2-0cc6-4ec3-873d-4581c7b5ae5f",                        [{"marker":{"color":"grey","size":8},"mode":"markers","name":"All Samples","text":["Sample: GSM1275862\u003cbr\u003eSample_Name: N61311_untreated\u003cbr\u003eCell_Line: N61311\u003cbr\u003eTreatment: Untreated\u003cbr\u003eTreatment_Group: Control\u003cbr\u003eReplicate: 1","Sample: GSM1275863\u003cbr\u003eSample_Name: N61311_Dex\u003cbr\u003eCell_Line: N61311\u003cbr\u003eTreatment: Dexamethasone\u003cbr\u003eTreatment_Group: Treated\u003cbr\u003eReplicate: 1","Sample: GSM1275864\u003cbr\u003eSample_Name: N61311_Alb\u003cbr\u003eCell_Line: N61311\u003cbr\u003eTreatment: Albuterol\u003cbr\u003eTreatment_Group: Albuterol\u003cbr\u003eReplicate: 1","Sample: GSM1275865\u003cbr\u003eSample_Name: N61311_Alb_Dex\u003cbr\u003eCell_Line: N61311\u003cbr\u003eTreatment: Albuterol_Dexamethasone\u003cbr\u003eTreatment_Group: Combination\u003cbr\u003eReplicate: 1","Sample: GSM1275866\u003cbr\u003eSample_Name: N052611_untreated\u003cbr\u003eCell_Line: N052611\u003cbr\u003eTreatment: Untreated\u003cbr\u003eTreatment_Group: Control\u003cbr\u003eReplicate: 2","Sample: GSM1275867\u003cbr\u003eSample_Name: N052611_Dex\u003cbr\u003eCell_Line: N052611\u003cbr\u003eTreatment: Dexamethasone\u003cbr\u003eTreatment_Group: Treated\u003cbr\u003eReplicate: 2","Sample: GSM1275868\u003cbr\u003eSample_Name: N052611_Alb\u003cbr\u003eCell_Line: N052611\u003cbr\u003eTreatment: Albuterol\u003cbr\u003eTreatment_Group: Albuterol\u003cbr\u003eReplicate: 2","Sample: GSM1275869\u003cbr\u003eSample_Name: N052611_Alb_Dex\u003cbr\u003eCell_Line: N052611\u003cbr\u003eTreatment: Albuterol_Dexamethasone\u003cbr\u003eTreatment_Group: Combination\u003cbr\u003eReplicate: 2","Sample: GSM1275870\u003cbr\u003eSample_Name: N080611_untreated\u003cbr\u003eCell_Line: N080611\u003cbr\u003eTreatment: Untreated\u003cbr\u003eTreatment_Group: Control\u003cbr\u003eReplicate: 3","Sample: GSM1275871\u003cbr\u003eSample_Name: N080611_Dex\u003cbr\u003eCell_Line: N080611\u003cbr\u003eTreatment: Dexamethasone\u003cbr\u003eTreatment_Group: Treated\u003cbr\u003eReplicate: 3","Sample: GSM1275872\u003cbr\u003eSample_Name: N080611_Alb\u003cbr\u003eCell_Line: N080611\u003cbr\u003eTreatment: Albuterol\u003cbr\u003eTreatment_Group: Albuterol\u003cbr\u003eReplicate: 3","Sample: GSM1275873\u003cbr\u003eSample_Name: N080611_Alb_Dex\u003cbr\u003eCell_Line: N080611\u003cbr\u003eTreatment: Albuterol_Dexamethasone\u003cbr\u003eTreatment_Group: Combination\u003cbr\u003eReplicate: 3","Sample: GSM1275874\u003cbr\u003eSample_Name: N061011_untreated\u003cbr\u003eCell_Line: N061011\u003cbr\u003eTreatment: Untreated\u003cbr\u003eTreatment_Group: Control\u003cbr\u003eReplicate: 4","Sample: GSM1275875\u003cbr\u003eSample_Name: N061011_Dex\u003cbr\u003eCell_Line: N061011\u003cbr\u003eTreatment: Dexamethasone\u003cbr\u003eTreatment_Group: Treated\u003cbr\u003eReplicate: 4","Sample: GSM1275876\u003cbr\u003eSample_Name: N061011_Alb\u003cbr\u003eCell_Line: N061011\u003cbr\u003eTreatment: Albuterol\u003cbr\u003eTreatment_Group: Albuterol\u003cbr\u003eReplicate: 4","Sample: GSM1275877\u003cbr\u003eSample_Name: N061011_Alb_Dex\u003cbr\u003eCell_Line: N061011\u003cbr\u003eTreatment: Albuterol_Dexamethasone\u003cbr\u003eTreatment_Group: Combination\u003cbr\u003eReplicate: 4"],"visible":true,"x":{"dtype":"f8","bdata":"\u002f4pca2aRScDVdsvjX844QOpF7JpzAk7AqLDHTWtQN0BGvj6hH\u002f04wKmsq0x6O0xA\u002f7iuoKRIQ0A+IBHIAPE3wEwp+3r\u002f+kTA3k6IUSZ5QUARs2fYcWJAQJQGb2Tz8kDAzZZxf1TcQcD0W10\u002fUC9LQMjivIe3lkTASBIYMnzNR0A="},"y":{"dtype":"f8","bdata":"dinFR25s9789z3rRaNUeQIUhzy\u002fqFh\u002fAwOjp5PvUFcBBzOtcddUiwDVx4kMFqi7A\u002f6m3h3\u002fRM8AQ7+8wsAE1wFBE+QknQ0FArLe\u002f7bccTkAD4ImBA6tNQLYN0w5TBUJADpksf+k8OsAV\u002fedhiP48wG04nYl3UjzAzbWPM5cBQcA="},"type":"scattergl"},{"marker":{"color":"#e54444","size":8},"mode":"markers","name":"Sample_Name: N61311_untreated","text":["Sample: GSM1275862\u003cbr\u003eSample_Name: N61311_untreated\u003cbr\u003eCell_Line: N61311\u003cbr\u003eTreatment: Untreated\u003cbr\u003eTreatment_Group: Control\u003cbr\u003eReplicate: 1"],"visible":false,"x":{"dtype":"f8","bdata":"\u002f4pca2aRScA="},"y":{"dtype":"f8","bdata":"dinFR25s978="},"type":"scattergl"},{"marker":{"color":"#e58144","size":8},"mode":"markers","name":"Sample_Name: N61311_Dex","text":["Sample: GSM1275863\u003cbr\u003eSample_Name: N61311_Dex\u003cbr\u003eCell_Line: N61311\u003cbr\u003eTreatment: Dexamethasone\u003cbr\u003eTreatment_Group: Treated\u003cbr\u003eReplicate: 1"],"visible":false,"x":{"dtype":"f8","bdata":"1XbL41\u002fOOEA="},"y":{"dtype":"f8","bdata":"Pc960WjVHkA="},"type":"scattergl"},{"marker":{"color":"#e5bd44","size":8},"mode":"markers","name":"Sample_Name: N61311_Alb","text":["Sample: GSM1275864\u003cbr\u003eSample_Name: N61311_Alb\u003cbr\u003eCell_Line: N61311\u003cbr\u003eTreatment: Albuterol\u003cbr\u003eTreatment_Group: Albuterol\u003cbr\u003eReplicate: 1"],"visible":false,"x":{"dtype":"f8","bdata":"6kXsmnMCTsA="},"y":{"dtype":"f8","bdata":"hSHPL+oWH8A="},"type":"scattergl"},{"marker":{"color":"#d1e544","size":8},"mode":"markers","name":"Sample_Name: N61311_Alb_Dex","text":["Sample: GSM1275865\u003cbr\u003eSample_Name: N61311_Alb_Dex\u003cbr\u003eCell_Line: N61311\u003cbr\u003eTreatment: Albuterol_Dexamethasone\u003cbr\u003eTreatment_Group: Combination\u003cbr\u003eReplicate: 1"],"visible":false,"x":{"dtype":"f8","bdata":"qLDHTWtQN0A="},"y":{"dtype":"f8","bdata":"wOjp5PvUFcA="},"type":"scattergl"},{"marker":{"color":"#95e544","size":8},"mode":"markers","name":"Sample_Name: N052611_untreated","text":["Sample: GSM1275866\u003cbr\u003eSample_Name: N052611_untreated\u003cbr\u003eCell_Line: N052611\u003cbr\u003eTreatment: Untreated\u003cbr\u003eTreatment_Group: Control\u003cbr\u003eReplicate: 2"],"visible":false,"x":{"dtype":"f8","bdata":"Rr4+oR\u002f9OMA="},"y":{"dtype":"f8","bdata":"QczrXHXVIsA="},"type":"scattergl"},{"marker":{"color":"#58e544","size":8},"mode":"markers","name":"Sample_Name: N052611_Dex","text":["Sample: GSM1275867\u003cbr\u003eSample_Name: N052611_Dex\u003cbr\u003eCell_Line: N052611\u003cbr\u003eTreatment: Dexamethasone\u003cbr\u003eTreatment_Group: Treated\u003cbr\u003eReplicate: 2"],"visible":false,"x":{"dtype":"f8","bdata":"qayrTHo7TEA="},"y":{"dtype":"f8","bdata":"NXHiQwWqLsA="},"type":"scattergl"},{"marker":{"color":"#44e56d","size":8},"mode":"markers","name":"Sample_Name: N052611_Alb","text":["Sample: GSM1275868\u003cbr\u003eSample_Name: N052611_Alb\u003cbr\u003eCell_Line: N052611\u003cbr\u003eTreatment: Albuterol\u003cbr\u003eTreatment_Group: Albuterol\u003cbr\u003eReplicate: 2"],"visible":false,"x":{"dtype":"f8","bdata":"\u002f7iuoKRIQ0A="},"y":{"dtype":"f8","bdata":"\u002f6m3h3\u002fRM8A="},"type":"scattergl"},{"marker":{"color":"#44e5a9","size":8},"mode":"markers","name":"Sample_Name: N052611_Alb_Dex","text":["Sample: GSM1275869\u003cbr\u003eSample_Name: N052611_Alb_Dex\u003cbr\u003eCell_Line: N052611\u003cbr\u003eTreatment: Albuterol_Dexamethasone\u003cbr\u003eTreatment_Group: Combination\u003cbr\u003eReplicate: 2"],"visible":false,"x":{"dtype":"f8","bdata":"PiARyADxN8A="},"y":{"dtype":"f8","bdata":"EO\u002fvMLABNcA="},"type":"scattergl"},{"marker":{"color":"#44e5e5","size":8},"mode":"markers","name":"Sample_Name: N080611_untreated","text":["Sample: GSM1275870\u003cbr\u003eSample_Name: N080611_untreated\u003cbr\u003eCell_Line: N080611\u003cbr\u003eTreatment: Untreated\u003cbr\u003eTreatment_Group: Control\u003cbr\u003eReplicate: 3"],"visible":false,"x":{"dtype":"f8","bdata":"TCn7ev\u002f6RMA="},"y":{"dtype":"f8","bdata":"UET5CSdDQUA="},"type":"scattergl"},{"marker":{"color":"#44a9e5","size":8},"mode":"markers","name":"Sample_Name: N080611_Dex","text":["Sample: GSM1275871\u003cbr\u003eSample_Name: N080611_Dex\u003cbr\u003eCell_Line: N080611\u003cbr\u003eTreatment: Dexamethasone\u003cbr\u003eTreatment_Group: Treated\u003cbr\u003eReplicate: 3"],"visible":false,"x":{"dtype":"f8","bdata":"3k6IUSZ5QUA="},"y":{"dtype":"f8","bdata":"rLe\u002f7bccTkA="},"type":"scattergl"},{"marker":{"color":"#446de5","size":8},"mode":"markers","name":"Sample_Name: N080611_Alb","text":["Sample: GSM1275872\u003cbr\u003eSample_Name: N080611_Alb\u003cbr\u003eCell_Line: N080611\u003cbr\u003eTreatment: Albuterol\u003cbr\u003eTreatment_Group: Albuterol\u003cbr\u003eReplicate: 3"],"visible":false,"x":{"dtype":"f8","bdata":"EbNn2HFiQEA="},"y":{"dtype":"f8","bdata":"A+CJgQOrTUA="},"type":"scattergl"},{"marker":{"color":"#5844e5","size":8},"mode":"markers","name":"Sample_Name: N080611_Alb_Dex","text":["Sample: GSM1275873\u003cbr\u003eSample_Name: N080611_Alb_Dex\u003cbr\u003eCell_Line: N080611\u003cbr\u003eTreatment: Albuterol_Dexamethasone\u003cbr\u003eTreatment_Group: Combination\u003cbr\u003eReplicate: 3"],"visible":false,"x":{"dtype":"f8","bdata":"lAZvZPPyQMA="},"y":{"dtype":"f8","bdata":"tg3TDlMFQkA="},"type":"scattergl"},{"marker":{"color":"#9544e5","size":8},"mode":"markers","name":"Sample_Name: N061011_untreated","text":["Sample: GSM1275874\u003cbr\u003eSample_Name: N061011_untreated\u003cbr\u003eCell_Line: N061011\u003cbr\u003eTreatment: Untreated\u003cbr\u003eTreatment_Group: Control\u003cbr\u003eReplicate: 4"],"visible":false,"x":{"dtype":"f8","bdata":"zZZxf1TcQcA="},"y":{"dtype":"f8","bdata":"Dpksf+k8OsA="},"type":"scattergl"},{"marker":{"color":"#d144e5","size":8},"mode":"markers","name":"Sample_Name: N061011_Dex","text":["Sample: GSM1275875\u003cbr\u003eSample_Name: N061011_Dex\u003cbr\u003eCell_Line: N061011\u003cbr\u003eTreatment: Dexamethasone\u003cbr\u003eTreatment_Group: Treated\u003cbr\u003eReplicate: 4"],"visible":false,"x":{"dtype":"f8","bdata":"9FtdP1AvS0A="},"y":{"dtype":"f8","bdata":"Ff3nYYj+PMA="},"type":"scattergl"},{"marker":{"color":"#e544bd","size":8},"mode":"markers","name":"Sample_Name: N061011_Alb","text":["Sample: GSM1275876\u003cbr\u003eSample_Name: N061011_Alb\u003cbr\u003eCell_Line: N061011\u003cbr\u003eTreatment: Albuterol\u003cbr\u003eTreatment_Group: Albuterol\u003cbr\u003eReplicate: 4"],"visible":false,"x":{"dtype":"f8","bdata":"yOK8h7eWRMA="},"y":{"dtype":"f8","bdata":"bTidiXdSPMA="},"type":"scattergl"},{"marker":{"color":"#e54481","size":8},"mode":"markers","name":"Sample_Name: N061011_Alb_Dex","text":["Sample: GSM1275877\u003cbr\u003eSample_Name: N061011_Alb_Dex\u003cbr\u003eCell_Line: N061011\u003cbr\u003eTreatment: Albuterol_Dexamethasone\u003cbr\u003eTreatment_Group: Combination\u003cbr\u003eReplicate: 4"],"visible":false,"x":{"dtype":"f8","bdata":"SBIYMnzNR0A="},"y":{"dtype":"f8","bdata":"zbWPM5cBQcA="},"type":"scattergl"},{"marker":{"color":"#1f77b4","size":8},"mode":"markers","name":"Cell_Line: N61311","text":["Sample: GSM1275862\u003cbr\u003eSample_Name: N61311_untreated\u003cbr\u003eCell_Line: N61311\u003cbr\u003eTreatment: Untreated\u003cbr\u003eTreatment_Group: Control\u003cbr\u003eReplicate: 1","Sample: GSM1275863\u003cbr\u003eSample_Name: N61311_Dex\u003cbr\u003eCell_Line: N61311\u003cbr\u003eTreatment: Dexamethasone\u003cbr\u003eTreatment_Group: Treated\u003cbr\u003eReplicate: 1","Sample: GSM1275864\u003cbr\u003eSample_Name: N61311_Alb\u003cbr\u003eCell_Line: N61311\u003cbr\u003eTreatment: Albuterol\u003cbr\u003eTreatment_Group: Albuterol\u003cbr\u003eReplicate: 1","Sample: GSM1275865\u003cbr\u003eSample_Name: N61311_Alb_Dex\u003cbr\u003eCell_Line: N61311\u003cbr\u003eTreatment: Albuterol_Dexamethasone\u003cbr\u003eTreatment_Group: Combination\u003cbr\u003eReplicate: 1"],"visible":false,"x":{"dtype":"f8","bdata":"\u002f4pca2aRScDVdsvjX844QOpF7JpzAk7AqLDHTWtQN0A="},"y":{"dtype":"f8","bdata":"dinFR25s9789z3rRaNUeQIUhzy\u002fqFh\u002fAwOjp5PvUFcA="},"type":"scattergl"},{"marker":{"color":"#ff7f0e","size":8},"mode":"markers","name":"Cell_Line: N052611","text":["Sample: GSM1275866\u003cbr\u003eSample_Name: N052611_untreated\u003cbr\u003eCell_Line: N052611\u003cbr\u003eTreatment: Untreated\u003cbr\u003eTreatment_Group: Control\u003cbr\u003eReplicate: 2","Sample: GSM1275867\u003cbr\u003eSample_Name: N052611_Dex\u003cbr\u003eCell_Line: N052611\u003cbr\u003eTreatment: Dexamethasone\u003cbr\u003eTreatment_Group: Treated\u003cbr\u003eReplicate: 2","Sample: GSM1275868\u003cbr\u003eSample_Name: N052611_Alb\u003cbr\u003eCell_Line: N052611\u003cbr\u003eTreatment: Albuterol\u003cbr\u003eTreatment_Group: Albuterol\u003cbr\u003eReplicate: 2","Sample: GSM1275869\u003cbr\u003eSample_Name: N052611_Alb_Dex\u003cbr\u003eCell_Line: N052611\u003cbr\u003eTreatment: Albuterol_Dexamethasone\u003cbr\u003eTreatment_Group: Combination\u003cbr\u003eReplicate: 2"],"visible":false,"x":{"dtype":"f8","bdata":"Rr4+oR\u002f9OMCprKtMejtMQP+4rqCkSENAPiARyADxN8A="},"y":{"dtype":"f8","bdata":"QczrXHXVIsA1ceJDBaouwP+pt4d\u002f0TPAEO\u002fvMLABNcA="},"type":"scattergl"},{"marker":{"color":"#2ca02c","size":8},"mode":"markers","name":"Cell_Line: N080611","text":["Sample: GSM1275870\u003cbr\u003eSample_Name: N080611_untreated\u003cbr\u003eCell_Line: N080611\u003cbr\u003eTreatment: Untreated\u003cbr\u003eTreatment_Group: Control\u003cbr\u003eReplicate: 3","Sample: GSM1275871\u003cbr\u003eSample_Name: N080611_Dex\u003cbr\u003eCell_Line: N080611\u003cbr\u003eTreatment: Dexamethasone\u003cbr\u003eTreatment_Group: Treated\u003cbr\u003eReplicate: 3","Sample: GSM1275872\u003cbr\u003eSample_Name: N080611_Alb\u003cbr\u003eCell_Line: N080611\u003cbr\u003eTreatment: Albuterol\u003cbr\u003eTreatment_Group: Albuterol\u003cbr\u003eReplicate: 3","Sample: GSM1275873\u003cbr\u003eSample_Name: N080611_Alb_Dex\u003cbr\u003eCell_Line: N080611\u003cbr\u003eTreatment: Albuterol_Dexamethasone\u003cbr\u003eTreatment_Group: Combination\u003cbr\u003eReplicate: 3"],"visible":false,"x":{"dtype":"f8","bdata":"TCn7ev\u002f6RMDeTohRJnlBQBGzZ9hxYkBAlAZvZPPyQMA="},"y":{"dtype":"f8","bdata":"UET5CSdDQUCst7\u002fttxxOQAPgiYEDq01Atg3TDlMFQkA="},"type":"scattergl"},{"marker":{"color":"#d62728","size":8},"mode":"markers","name":"Cell_Line: N061011","text":["Sample: GSM1275874\u003cbr\u003eSample_Name: N061011_untreated\u003cbr\u003eCell_Line: N061011\u003cbr\u003eTreatment: Untreated\u003cbr\u003eTreatment_Group: Control\u003cbr\u003eReplicate: 4","Sample: GSM1275875\u003cbr\u003eSample_Name: N061011_Dex\u003cbr\u003eCell_Line: N061011\u003cbr\u003eTreatment: Dexamethasone\u003cbr\u003eTreatment_Group: Treated\u003cbr\u003eReplicate: 4","Sample: GSM1275876\u003cbr\u003eSample_Name: N061011_Alb\u003cbr\u003eCell_Line: N061011\u003cbr\u003eTreatment: Albuterol\u003cbr\u003eTreatment_Group: Albuterol\u003cbr\u003eReplicate: 4","Sample: GSM1275877\u003cbr\u003eSample_Name: N061011_Alb_Dex\u003cbr\u003eCell_Line: N061011\u003cbr\u003eTreatment: Albuterol_Dexamethasone\u003cbr\u003eTreatment_Group: Combination\u003cbr\u003eReplicate: 4"],"visible":false,"x":{"dtype":"f8","bdata":"zZZxf1TcQcD0W10\u002fUC9LQMjivIe3lkTASBIYMnzNR0A="},"y":{"dtype":"f8","bdata":"Dpksf+k8OsAV\u002fedhiP48wG04nYl3UjzAzbWPM5cBQcA="},"type":"scattergl"},{"marker":{"color":"#1f77b4","size":8},"mode":"markers","name":"Treatment: Untreated","text":["Sample: GSM1275862\u003cbr\u003eSample_Name: N61311_untreated\u003cbr\u003eCell_Line: N61311\u003cbr\u003eTreatment: Untreated\u003cbr\u003eTreatment_Group: Control\u003cbr\u003eReplicate: 1","Sample: GSM1275866\u003cbr\u003eSample_Name: N052611_untreated\u003cbr\u003eCell_Line: N052611\u003cbr\u003eTreatment: Untreated\u003cbr\u003eTreatment_Group: Control\u003cbr\u003eReplicate: 2","Sample: GSM1275870\u003cbr\u003eSample_Name: N080611_untreated\u003cbr\u003eCell_Line: N080611\u003cbr\u003eTreatment: Untreated\u003cbr\u003eTreatment_Group: Control\u003cbr\u003eReplicate: 3","Sample: GSM1275874\u003cbr\u003eSample_Name: N061011_untreated\u003cbr\u003eCell_Line: N061011\u003cbr\u003eTreatment: Untreated\u003cbr\u003eTreatment_Group: Control\u003cbr\u003eReplicate: 4"],"visible":false,"x":{"dtype":"f8","bdata":"\u002f4pca2aRScBGvj6hH\u002f04wEwp+3r\u002f+kTAzZZxf1TcQcA="},"y":{"dtype":"f8","bdata":"dinFR25s979BzOtcddUiwFBE+QknQ0FADpksf+k8OsA="},"type":"scattergl"},{"marker":{"color":"#ff7f0e","size":8},"mode":"markers","name":"Treatment: Dexamethasone","text":["Sample: GSM1275863\u003cbr\u003eSample_Name: N61311_Dex\u003cbr\u003eCell_Line: N61311\u003cbr\u003eTreatment: Dexamethasone\u003cbr\u003eTreatment_Group: Treated\u003cbr\u003eReplicate: 1","Sample: GSM1275867\u003cbr\u003eSample_Name: N052611_Dex\u003cbr\u003eCell_Line: N052611\u003cbr\u003eTreatment: Dexamethasone\u003cbr\u003eTreatment_Group: Treated\u003cbr\u003eReplicate: 2","Sample: GSM1275871\u003cbr\u003eSample_Name: N080611_Dex\u003cbr\u003eCell_Line: N080611\u003cbr\u003eTreatment: Dexamethasone\u003cbr\u003eTreatment_Group: Treated\u003cbr\u003eReplicate: 3","Sample: GSM1275875\u003cbr\u003eSample_Name: N061011_Dex\u003cbr\u003eCell_Line: N061011\u003cbr\u003eTreatment: Dexamethasone\u003cbr\u003eTreatment_Group: Treated\u003cbr\u003eReplicate: 4"],"visible":false,"x":{"dtype":"f8","bdata":"1XbL41\u002fOOECprKtMejtMQN5OiFEmeUFA9FtdP1AvS0A="},"y":{"dtype":"f8","bdata":"Pc960WjVHkA1ceJDBaouwKy3v+23HE5AFf3nYYj+PMA="},"type":"scattergl"},{"marker":{"color":"#2ca02c","size":8},"mode":"markers","name":"Treatment: Albuterol","text":["Sample: GSM1275864\u003cbr\u003eSample_Name: N61311_Alb\u003cbr\u003eCell_Line: N61311\u003cbr\u003eTreatment: Albuterol\u003cbr\u003eTreatment_Group: Albuterol\u003cbr\u003eReplicate: 1","Sample: GSM1275868\u003cbr\u003eSample_Name: N052611_Alb\u003cbr\u003eCell_Line: N052611\u003cbr\u003eTreatment: Albuterol\u003cbr\u003eTreatment_Group: Albuterol\u003cbr\u003eReplicate: 2","Sample: GSM1275872\u003cbr\u003eSample_Name: N080611_Alb\u003cbr\u003eCell_Line: N080611\u003cbr\u003eTreatment: Albuterol\u003cbr\u003eTreatment_Group: Albuterol\u003cbr\u003eReplicate: 3","Sample: GSM1275876\u003cbr\u003eSample_Name: N061011_Alb\u003cbr\u003eCell_Line: N061011\u003cbr\u003eTreatment: Albuterol\u003cbr\u003eTreatment_Group: Albuterol\u003cbr\u003eReplicate: 4"],"visible":false,"x":{"dtype":"f8","bdata":"6kXsmnMCTsD\u002fuK6gpEhDQBGzZ9hxYkBAyOK8h7eWRMA="},"y":{"dtype":"f8","bdata":"hSHPL+oWH8D\u002fqbeHf9EzwAPgiYEDq01AbTidiXdSPMA="},"type":"scattergl"},{"marker":{"color":"#d62728","size":8},"mode":"markers","name":"Treatment: Albuterol_Dexamethasone","text":["Sample: GSM1275865\u003cbr\u003eSample_Name: N61311_Alb_Dex\u003cbr\u003eCell_Line: N61311\u003cbr\u003eTreatment: Albuterol_Dexamethasone\u003cbr\u003eTreatment_Group: Combination\u003cbr\u003eReplicate: 1","Sample: GSM1275869\u003cbr\u003eSample_Name: N052611_Alb_Dex\u003cbr\u003eCell_Line: N052611\u003cbr\u003eTreatment: Albuterol_Dexamethasone\u003cbr\u003eTreatment_Group: Combination\u003cbr\u003eReplicate: 2","Sample: GSM1275873\u003cbr\u003eSample_Name: N080611_Alb_Dex\u003cbr\u003eCell_Line: N080611\u003cbr\u003eTreatment: Albuterol_Dexamethasone\u003cbr\u003eTreatment_Group: Combination\u003cbr\u003eReplicate: 3","Sample: GSM1275877\u003cbr\u003eSample_Name: N061011_Alb_Dex\u003cbr\u003eCell_Line: N061011\u003cbr\u003eTreatment: Albuterol_Dexamethasone\u003cbr\u003eTreatment_Group: Combination\u003cbr\u003eReplicate: 4"],"visible":false,"x":{"dtype":"f8","bdata":"qLDHTWtQN0A+IBHIAPE3wJQGb2Tz8kDASBIYMnzNR0A="},"y":{"dtype":"f8","bdata":"wOjp5PvUFcAQ7+8wsAE1wLYN0w5TBUJAzbWPM5cBQcA="},"type":"scattergl"},{"marker":{"color":"#1f77b4","size":8},"mode":"markers","name":"Treatment_Group: Control","text":["Sample: GSM1275862\u003cbr\u003eSample_Name: N61311_untreated\u003cbr\u003eCell_Line: N61311\u003cbr\u003eTreatment: Untreated\u003cbr\u003eTreatment_Group: Control\u003cbr\u003eReplicate: 1","Sample: GSM1275866\u003cbr\u003eSample_Name: N052611_untreated\u003cbr\u003eCell_Line: N052611\u003cbr\u003eTreatment: Untreated\u003cbr\u003eTreatment_Group: Control\u003cbr\u003eReplicate: 2","Sample: GSM1275870\u003cbr\u003eSample_Name: N080611_untreated\u003cbr\u003eCell_Line: N080611\u003cbr\u003eTreatment: Untreated\u003cbr\u003eTreatment_Group: Control\u003cbr\u003eReplicate: 3","Sample: GSM1275874\u003cbr\u003eSample_Name: N061011_untreated\u003cbr\u003eCell_Line: N061011\u003cbr\u003eTreatment: Untreated\u003cbr\u003eTreatment_Group: Control\u003cbr\u003eReplicate: 4"],"visible":false,"x":{"dtype":"f8","bdata":"\u002f4pca2aRScBGvj6hH\u002f04wEwp+3r\u002f+kTAzZZxf1TcQcA="},"y":{"dtype":"f8","bdata":"dinFR25s979BzOtcddUiwFBE+QknQ0FADpksf+k8OsA="},"type":"scattergl"},{"marker":{"color":"#ff7f0e","size":8},"mode":"markers","name":"Treatment_Group: Treated","text":["Sample: GSM1275863\u003cbr\u003eSample_Name: N61311_Dex\u003cbr\u003eCell_Line: N61311\u003cbr\u003eTreatment: Dexamethasone\u003cbr\u003eTreatment_Group: Treated\u003cbr\u003eReplicate: 1","Sample: GSM1275867\u003cbr\u003eSample_Name: N052611_Dex\u003cbr\u003eCell_Line: N052611\u003cbr\u003eTreatment: Dexamethasone\u003cbr\u003eTreatment_Group: Treated\u003cbr\u003eReplicate: 2","Sample: GSM1275871\u003cbr\u003eSample_Name: N080611_Dex\u003cbr\u003eCell_Line: N080611\u003cbr\u003eTreatment: Dexamethasone\u003cbr\u003eTreatment_Group: Treated\u003cbr\u003eReplicate: 3","Sample: GSM1275875\u003cbr\u003eSample_Name: N061011_Dex\u003cbr\u003eCell_Line: N061011\u003cbr\u003eTreatment: Dexamethasone\u003cbr\u003eTreatment_Group: Treated\u003cbr\u003eReplicate: 4"],"visible":false,"x":{"dtype":"f8","bdata":"1XbL41\u002fOOECprKtMejtMQN5OiFEmeUFA9FtdP1AvS0A="},"y":{"dtype":"f8","bdata":"Pc960WjVHkA1ceJDBaouwKy3v+23HE5AFf3nYYj+PMA="},"type":"scattergl"},{"marker":{"color":"#2ca02c","size":8},"mode":"markers","name":"Treatment_Group: Albuterol","text":["Sample: GSM1275864\u003cbr\u003eSample_Name: N61311_Alb\u003cbr\u003eCell_Line: N61311\u003cbr\u003eTreatment: Albuterol\u003cbr\u003eTreatment_Group: Albuterol\u003cbr\u003eReplicate: 1","Sample: GSM1275868\u003cbr\u003eSample_Name: N052611_Alb\u003cbr\u003eCell_Line: N052611\u003cbr\u003eTreatment: Albuterol\u003cbr\u003eTreatment_Group: Albuterol\u003cbr\u003eReplicate: 2","Sample: GSM1275872\u003cbr\u003eSample_Name: N080611_Alb\u003cbr\u003eCell_Line: N080611\u003cbr\u003eTreatment: Albuterol\u003cbr\u003eTreatment_Group: Albuterol\u003cbr\u003eReplicate: 3","Sample: GSM1275876\u003cbr\u003eSample_Name: N061011_Alb\u003cbr\u003eCell_Line: N061011\u003cbr\u003eTreatment: Albuterol\u003cbr\u003eTreatment_Group: Albuterol\u003cbr\u003eReplicate: 4"],"visible":false,"x":{"dtype":"f8","bdata":"6kXsmnMCTsD\u002fuK6gpEhDQBGzZ9hxYkBAyOK8h7eWRMA="},"y":{"dtype":"f8","bdata":"hSHPL+oWH8D\u002fqbeHf9EzwAPgiYEDq01AbTidiXdSPMA="},"type":"scattergl"},{"marker":{"color":"#d62728","size":8},"mode":"markers","name":"Treatment_Group: Combination","text":["Sample: GSM1275865\u003cbr\u003eSample_Name: N61311_Alb_Dex\u003cbr\u003eCell_Line: N61311\u003cbr\u003eTreatment: Albuterol_Dexamethasone\u003cbr\u003eTreatment_Group: Combination\u003cbr\u003eReplicate: 1","Sample: GSM1275869\u003cbr\u003eSample_Name: N052611_Alb_Dex\u003cbr\u003eCell_Line: N052611\u003cbr\u003eTreatment: Albuterol_Dexamethasone\u003cbr\u003eTreatment_Group: Combination\u003cbr\u003eReplicate: 2","Sample: GSM1275873\u003cbr\u003eSample_Name: N080611_Alb_Dex\u003cbr\u003eCell_Line: N080611\u003cbr\u003eTreatment: Albuterol_Dexamethasone\u003cbr\u003eTreatment_Group: Combination\u003cbr\u003eReplicate: 3","Sample: GSM1275877\u003cbr\u003eSample_Name: N061011_Alb_Dex\u003cbr\u003eCell_Line: N061011\u003cbr\u003eTreatment: Albuterol_Dexamethasone\u003cbr\u003eTreatment_Group: Combination\u003cbr\u003eReplicate: 4"],"visible":false,"x":{"dtype":"f8","bdata":"qLDHTWtQN0A+IBHIAPE3wJQGb2Tz8kDASBIYMnzNR0A="},"y":{"dtype":"f8","bdata":"wOjp5PvUFcAQ7+8wsAE1wLYN0w5TBUJAzbWPM5cBQcA="},"type":"scattergl"},{"marker":{"color":"#1f77b4","size":8},"mode":"markers","name":"Replicate: 1","text":["Sample: GSM1275862\u003cbr\u003eSample_Name: N61311_untreated\u003cbr\u003eCell_Line: N61311\u003cbr\u003eTreatment: Untreated\u003cbr\u003eTreatment_Group: Control\u003cbr\u003eReplicate: 1","Sample: GSM1275863\u003cbr\u003eSample_Name: N61311_Dex\u003cbr\u003eCell_Line: N61311\u003cbr\u003eTreatment: Dexamethasone\u003cbr\u003eTreatment_Group: Treated\u003cbr\u003eReplicate: 1","Sample: GSM1275864\u003cbr\u003eSample_Name: N61311_Alb\u003cbr\u003eCell_Line: N61311\u003cbr\u003eTreatment: Albuterol\u003cbr\u003eTreatment_Group: Albuterol\u003cbr\u003eReplicate: 1","Sample: GSM1275865\u003cbr\u003eSample_Name: N61311_Alb_Dex\u003cbr\u003eCell_Line: N61311\u003cbr\u003eTreatment: Albuterol_Dexamethasone\u003cbr\u003eTreatment_Group: Combination\u003cbr\u003eReplicate: 1"],"visible":false,"x":{"dtype":"f8","bdata":"\u002f4pca2aRScDVdsvjX844QOpF7JpzAk7AqLDHTWtQN0A="},"y":{"dtype":"f8","bdata":"dinFR25s9789z3rRaNUeQIUhzy\u002fqFh\u002fAwOjp5PvUFcA="},"type":"scattergl"},{"marker":{"color":"#ff7f0e","size":8},"mode":"markers","name":"Replicate: 2","text":["Sample: GSM1275866\u003cbr\u003eSample_Name: N052611_untreated\u003cbr\u003eCell_Line: N052611\u003cbr\u003eTreatment: Untreated\u003cbr\u003eTreatment_Group: Control\u003cbr\u003eReplicate: 2","Sample: GSM1275867\u003cbr\u003eSample_Name: N052611_Dex\u003cbr\u003eCell_Line: N052611\u003cbr\u003eTreatment: Dexamethasone\u003cbr\u003eTreatment_Group: Treated\u003cbr\u003eReplicate: 2","Sample: GSM1275868\u003cbr\u003eSample_Name: N052611_Alb\u003cbr\u003eCell_Line: N052611\u003cbr\u003eTreatment: Albuterol\u003cbr\u003eTreatment_Group: Albuterol\u003cbr\u003eReplicate: 2","Sample: GSM1275869\u003cbr\u003eSample_Name: N052611_Alb_Dex\u003cbr\u003eCell_Line: N052611\u003cbr\u003eTreatment: Albuterol_Dexamethasone\u003cbr\u003eTreatment_Group: Combination\u003cbr\u003eReplicate: 2"],"visible":false,"x":{"dtype":"f8","bdata":"Rr4+oR\u002f9OMCprKtMejtMQP+4rqCkSENAPiARyADxN8A="},"y":{"dtype":"f8","bdata":"QczrXHXVIsA1ceJDBaouwP+pt4d\u002f0TPAEO\u002fvMLABNcA="},"type":"scattergl"},{"marker":{"color":"#2ca02c","size":8},"mode":"markers","name":"Replicate: 3","text":["Sample: GSM1275870\u003cbr\u003eSample_Name: N080611_untreated\u003cbr\u003eCell_Line: N080611\u003cbr\u003eTreatment: Untreated\u003cbr\u003eTreatment_Group: Control\u003cbr\u003eReplicate: 3","Sample: GSM1275871\u003cbr\u003eSample_Name: N080611_Dex\u003cbr\u003eCell_Line: N080611\u003cbr\u003eTreatment: Dexamethasone\u003cbr\u003eTreatment_Group: Treated\u003cbr\u003eReplicate: 3","Sample: GSM1275872\u003cbr\u003eSample_Name: N080611_Alb\u003cbr\u003eCell_Line: N080611\u003cbr\u003eTreatment: Albuterol\u003cbr\u003eTreatment_Group: Albuterol\u003cbr\u003eReplicate: 3","Sample: GSM1275873\u003cbr\u003eSample_Name: N080611_Alb_Dex\u003cbr\u003eCell_Line: N080611\u003cbr\u003eTreatment: Albuterol_Dexamethasone\u003cbr\u003eTreatment_Group: Combination\u003cbr\u003eReplicate: 3"],"visible":false,"x":{"dtype":"f8","bdata":"TCn7ev\u002f6RMDeTohRJnlBQBGzZ9hxYkBAlAZvZPPyQMA="},"y":{"dtype":"f8","bdata":"UET5CSdDQUCst7\u002fttxxOQAPgiYEDq01Atg3TDlMFQkA="},"type":"scattergl"},{"marker":{"color":"#d62728","size":8},"mode":"markers","name":"Replicate: 4","text":["Sample: GSM1275874\u003cbr\u003eSample_Name: N061011_untreated\u003cbr\u003eCell_Line: N061011\u003cbr\u003eTreatment: Untreated\u003cbr\u003eTreatment_Group: Control\u003cbr\u003eReplicate: 4","Sample: GSM1275875\u003cbr\u003eSample_Name: N061011_Dex\u003cbr\u003eCell_Line: N061011\u003cbr\u003eTreatment: Dexamethasone\u003cbr\u003eTreatment_Group: Treated\u003cbr\u003eReplicate: 4","Sample: GSM1275876\u003cbr\u003eSample_Name: N061011_Alb\u003cbr\u003eCell_Line: N061011\u003cbr\u003eTreatment: Albuterol\u003cbr\u003eTreatment_Group: Albuterol\u003cbr\u003eReplicate: 4","Sample: GSM1275877\u003cbr\u003eSample_Name: N061011_Alb_Dex\u003cbr\u003eCell_Line: N061011\u003cbr\u003eTreatment: Albuterol_Dexamethasone\u003cbr\u003eTreatment_Group: Combination\u003cbr\u003eReplicate: 4"],"visible":false,"x":{"dtype":"f8","bdata":"zZZxf1TcQcD0W10\u002fUC9LQMjivIe3lkTASBIYMnzNR0A="},"y":{"dtype":"f8","bdata":"Dpksf+k8OsAV\u002fedhiP48wG04nYl3UjzAzbWPM5cBQcA="},"type":"scattergl"}],                        {"template":{"data":{"barpolar":[{"marker":{"line":{"color":"white","width":0.5},"pattern":{"fillmode":"overlay","size":10,"solidity":0.2}},"type":"barpolar"}],"bar":[{"error_x":{"color":"#2a3f5f"},"error_y":{"color":"#2a3f5f"},"marker":{"line":{"color":"white","width":0.5},"pattern":{"fillmode":"overlay","size":10,"solidity":0.2}},"type":"bar"}],"carpet":[{"aaxis":{"endlinecolor":"#2a3f5f","gridcolor":"#C8D4E3","linecolor":"#C8D4E3","minorgridcolor":"#C8D4E3","startlinecolor":"#2a3f5f"},"baxis":{"endlinecolor":"#2a3f5f","gridcolor":"#C8D4E3","linecolor":"#C8D4E3","minorgridcolor":"#C8D4E3","startlinecolor":"#2a3f5f"},"type":"carpet"}],"choropleth":[{"colorbar":{"outlinewidth":0,"ticks":""},"type":"choropleth"}],"contourcarpet":[{"colorbar":{"outlinewidth":0,"ticks":""},"type":"contourcarpet"}],"contour":[{"colorbar":{"outlinewidth":0,"ticks":""},"colorscale":[[0.0,"#0d0887"],[0.1111111111111111,"#46039f"],[0.2222222222222222,"#7201a8"],[0.3333333333333333,"#9c179e"],[0.4444444444444444,"#bd3786"],[0.5555555555555556,"#d8576b"],[0.6666666666666666,"#ed7953"],[0.7777777777777778,"#fb9f3a"],[0.8888888888888888,"#fd