{
    "report_multiqc_command": "/usr/local/bin/multiqc --force --config multiqc_config.yml --cl-config custom_logo: \"01_HTlogo_pantone_colore.png\" .",
    "report_data_sources": {},
    "report_general_stats_data": {},
    "report_general_stats_headers": {},
    "report_creation_date": "2026-01-27, 13:53 CET",
    "report_plot_data": {
        "correlation_heatmap": {
            "id": "correlation_heatmap",
            "anchor": "correlation_heatmap",
            "plot_type": "heatmap",
            "layout": {
                "autosize": true,
                "height": 700,
                "hoverlabel": {
                    "namelength": -1
                },
                "margin": {
                    "b": 65,
                    "l": 60,
                    "pad": 5,
                    "r": 15,
                    "t": 50
                },
                "showlegend": true,
                "template": {
                    "layout": {
                        "colorway": [
                            "#7cb5ec",
                            "#434348",
                            "#90ed7d",
                            "#f7a35c",
                            "#8085e9",
                            "#f15c80",
                            "#e4d354",
                            "#2b908f",
                            "#f45b5b",
                            "#91e8e1"
                        ],
                        "font": {
                            "family": "'Lucida Grande', 'Open Sans', verdana, arial, sans-serif"
                        },
                        "modebar": {
                            "activecolor": "rgba(0, 0, 0, 1)",
                            "bgcolor": "rgba(0, 0, 0, 0)",
                            "color": "rgba(0, 0, 0, 0.5)"
                        },
                        "paper_bgcolor": "white",
                        "plot_bgcolor": "white",
                        "title": {
                            "font": {
                                "size": 20
                            }
                        },
                        "xaxis": {
                            "color": "rgba(0,0,0,0.3)",
                            "gridcolor": "rgba(0,0,0,0.05)",
                            "tickfont": {
                                "color": "rgba(0,0,0,1)",
                                "size": 10
                            },
                            "zerolinecolor": "rgba(0,0,0,0.05)"
                        },
                        "yaxis": {
                            "color": "rgba(0,0,0,0.3)",
                            "gridcolor": "rgba(0,0,0,0.05)",
                            "tickfont": {
                                "color": "rgba(0,0,0,1)",
                                "size": 10
                            },
                            "zerolinecolor": "rgba(0,0,0,0.05)"
                        }
                    }
                },
                "title": {
                    "text": "Sample-to-sample Correlation",
                    "x": 0.5,
                    "xanchor": "center"
                },
                "width": 750,
                "xaxis": {
                    "automargin": true,
                    "type": "category",
                    "tickmode": "array",
                    "tickvals": [
                        0,
                        1,
                        2,
                        3,
                        4,
                        5,
                        6,
                        7,
                        8,
                        9,
                        10,
                        11,
                        12,
                        13,
                        14,
                        15
                    ],
                    "ticktext": [
                        "GSM1275862",
                        "GSM1275863",
                        "GSM1275864",
                        "GSM1275865",
                        "GSM1275866",
                        "GSM1275867",
                        "GSM1275868",
                        "GSM1275869",
                        "GSM1275870",
                        "GSM1275871",
                        "GSM1275872",
                        "GSM1275873",
                        "GSM1275874",
                        "GSM1275875",
                        "GSM1275876",
                        "GSM1275877"
                    ],
                    "tickangle": 45,
                    "showgrid": false
                },
                "yaxis": {
                    "automargin": true,
                    "type": "category",
                    "tickmode": "array",
                    "tickvals": [
                        0,
                        1,
                        2,
                        3,
                        4,
                        5,
                        6,
                        7,
                        8,
                        9,
                        10,
                        11,
                        12,
                        13,
                        14,
                        15
                    ],
                    "ticktext": [
                        "GSM1275862",
                        "GSM1275863",
                        "GSM1275864",
                        "GSM1275865",
                        "GSM1275866",
                        "GSM1275867",
                        "GSM1275868",
                        "GSM1275869",
                        "GSM1275870",
                        "GSM1275871",
                        "GSM1275872",
                        "GSM1275873",
                        "GSM1275874",
                        "GSM1275875",
                        "GSM1275876",
                        "GSM1275877"
                    ],
                    "showgrid": false,
                    "autorange": "reversed",
                    "ticklabelposition": "outside right"
                }
            },
            "datasets": [
                {
                    "plot_id": "correlation_heatmap",
                    "label": "1",
                    "uid": "correlation_heatmap",
                    "dconfig": {
                        "title": "Sample-to-sample Correlation",
                        "subtitle": "16 samples"
                    },
                    "layout": {
                        "title": {
                            "text": "Sample-to-sample Correlation<br><sup>16 samples</sup>"
                        },
                        "xaxis": {
                            "hoverformat": null,
                            "ticksuffix": "",
                            "title": null,
                            "rangemode": "normal",
                            "autorangeoptions": {
                                "clipmin": null,
                                "clipmax": null,
                                "minallowed": null,
                                "maxallowed": null
                            }
                        },
                        "yaxis": {
                            "hoverformat": ",.2f",
                            "ticksuffix": "",
                            "title": null,
                            "rangemode": "normal",
                            "autorangeoptions": {
                                "clipmin": null,
                                "clipmax": null,
                                "minallowed": null,
                                "maxallowed": null
                            }
                        }
                    },
                    "trace_params": {
                        "colorscale": [
                            [
                                0,
                                "#313695"
                            ],
                            [
                                0.1,
                                "#4575b4"
                            ],
                            [
                                0.2,
                                "#74add1"
                            ],
                            [
                                0.3,
                                "#abd9e9"
                            ],
                            [
                                0.4,
                                "#e0f3f8"
                            ],
                            [
                                0.5,
                                "#ffffbf"
                            ],
                            [
                                0.6,
                                "#fee090"
                            ],
                            [
                                0.7,
                                "#fdae61"
                            ],
                            [
                                0.8,
                                "#f46d43"
                            ],
                            [
                                0.9,
                                "#d73027"
                            ],
                            [
                                1,
                                "#a50026"
                            ]
                        ],
                        "reversescale": false,
                        "showscale": true,
                        "zmin": null,
                        "zmax": null,
                        "hovertemplate": "x: %{x}<br>y: %{y}<br>z: %{z}<extra></extra>",
                        "texttemplate": "%{z:.2f}"
                    },
                    "pct_range": {
                        "xaxis": {
                            "min": 0,
                            "max": 100
                        },
                        "yaxis": {
                            "min": 0,
                            "max": 100
                        }
                    },
                    "n_series": 16,
                    "rows": [
                        [
                            1,
                            0.958917234252736,
                            0.995311713898669,
                            0.956097275184527,
                            0.93917855252105,
                            0.88313201216248,
                            0.898814798613493,
                            0.933995676899081,
                            0.94584464068132,
                            0.895557129290791,
                            0.901046387901397,
                            0.943706090817331,
                            0.955175394880951,
                            0.890070137602063,
                            0.949846611699511,
                            0.905661500163031
                        ],
                        [
                            0.958917234252736,
                            1,
                            0.956298007286007,
                            0.995181217799115,
                            0.928659680367725,
                            0.934020582079852,
                            0.942367471255815,
                            0.923443225420383,
                            0.91411221675837,
                            0.928669231702113,
                            0.936301378154799,
                            0.916982725947148,
                            0.930738644264885,
                            0.940692753230892,
                            0.92336961686118,
                            0.951315591731423
                        ],
                        [
                            0.995311713898669,
                            0.956298007286007,
                            1,
                            0.956834334008117,
                            0.934797016054322,
                            0.874885353085082,
                            0.897688686021369,
                            0.933590018922577,
                            0.947949417935447,
                            0.883389620414748,
                            0.892970747512467,
                            0.946072776041015,
                            0.95235062545465,
                            0.885067034761382,
                            0.952477418489849,
                            0.906256304733312
                        ],
                        [
                            0.956097275184527,
                            0.995181217799115,
                            0.956834334008117,
                            1,
                            0.928676006402834,
                            0.931660348148398,
                            0.944293693489889,
                            0.926382239950023,
                            0.919986499768194,
                            0.920578320785522,
                            0.929136504727622,
                            0.918423224888931,
                            0.936062157853397,
                            0.941319398953741,
                            0.929224138344874,
                            0.959691115304297
                        ],
                        [
                            0.93917855252105,
                            0.928659680367725,
                            0.934797016054322,
                            0.928676006402834,
                            1,
                            0.953348261271629,
                            0.973095890812399,
                            0.992721754838846,
                            0.926293878480205,
                            0.913868017313863,
                            0.913225859646984,
                            0.938172767823622,
                            0.980478439366401,
                            0.94735511436204,
                            0.977268513872824,
                            0.950975276979776
                        ],
                        [
                            0.88313201216248,
                            0.934020582079852,
                            0.874885353085082,
                            0.931660348148398,
                            0.953348261271629,
                            1,
                            0.985364443009978,
                            0.946183026185974,
                            0.867363609440559,
                            0.944834453569285,
                            0.93598844739778,
                            0.882152370280511,
                            0.932585122299631,
                            0.984316357738568,
                            0.919893677545004,
                            0.967108013328287
                        ],
                        [
                            0.898814798613493,
                            0.942367471255815,
                            0.897688686021369,
                            0.944293693489889,
                            0.973095890812399,
                            0.985364443009978,
                            1,
                            0.975695755949169,
                            0.892077682005758,
                            0.926995510271326,
                            0.924645139497045,
                            0.909688502980081,
                            0.949377786614419,
                            0.977197861574419,
                            0.946313072673676,
                            0.970988728181089
                        ],
                        [
                            0.933995676899081,
                            0.923443225420383,
                            0.933590018922577,
                            0.926382239950023,
                            0.992721754838846,
                            0.946183026185974,
                            0.975695755949169,
                            1,
                            0.928315350826581,
                            0.905061522729923,
                            0.905541677588967,
                            0.948278184214508,
                            0.976516136062005,
                            0.941498220233311,
                            0.979957072387496,
                            0.944913415082593
                        ],
                        [
                            0.94584464068132,
                            0.91411221675837,
                            0.947949417935447,
                            0.919986499768194,
                            0.926293878480205,
                            0.867363609440559,
                            0.892077682005758,
                            0.928315350826581,
                            1,
                            0.923473860382633,
                            0.93980874798006,
                            0.987692234628211,
                            0.921877720059379,
                            0.856285756231715,
                            0.915480930365979,
                            0.883017143452569
                        ],
                        [
                            0.895557129290791,
                            0.928669231702113,
                            0.883389620414748,
                            0.920578320785522,
                            0.913868017313863,
                            0.944834453569285,
                            0.926995510271326,
                            0.905061522729923,
                            0.923473860382633,
                            1,
                            0.994854765612321,
                            0.928570130898908,
                            0.891794779147807,
                            0.920951485286274,
                            0.871905482355544,
                            0.909863114476255
                        ],
                        [
                            0.901046387901397,
                            0.936301378154799,
                            0.892970747512467,
                            0.929136504727622,
                            0.913225859646984,
                            0.93598844739778,
                            0.924645139497045,
                            0.905541677588967,
                            0.93980874798006,
                            0.994854765612321,
                            1,
                            0.94340529938002,
                            0.8914706783358,
                            0.91280035788441,
                            0.874761749454645,
                            0.910359194649921
                        ],
                        [
                            0.943706090817331,
                            0.916982725947148,
                            0.946072776041015,
                            0.918423224888931,
                            0.938172767823622,
                            0.882152370280511,
                            0.909688502980081,
                            0.948278184214508,
                            0.987692234628211,
                            0.928570130898908,
                            0.94340529938002,
                            1,
                            0.927027471799434,
                            0.870514486963796,
                            0.930487952197564,
                            0.885793728581204
                        ],
                        [
                            0.955175394880951,
                            0.930738644264885,
                            0.95235062545465,
                            0.936062157853397,
                            0.980478439366401,
                            0.932585122299631,
                            0.949377786614419,
                            0.976516136062005,
                            0.921877720059379,
                            0.891794779147807,
                            0.8914706783358,
                            0.927027471799434,
                            1,
                            0.951030707260932,
                            0.994776978112475,
                            0.962797180310974
                        ],
                        [
                            0.890070137602063,
                            0.940692753230892,
                            0.885067034761382,
                            0.941319398953741,
                            0.94735511436204,
                            0.984316357738568,
                            0.977197861574419,
                            0.941498220233311,
                            0.856285756231715,
                            0.920951485286274,
                            0.91280035788441,
                            0.870514486963796,
                            0.951030707260932,
                            1,
                            0.941375394019336,
                            0.988122541585701
                        ],
                        [
                            0.949846611699511,
                            0.92336961686118,
                            0.952477418489849,
                            0.929224138344874,
                            0.977268513872824,
                            0.919893677545004,
                            0.946313072673676,
                            0.979957072387496,
                            0.915480930365979,
                            0.871905482355544,
                            0.874761749454645,
                            0.930487952197564,
                            0.994776978112475,
                            0.941375394019336,
                            1,
                            0.953808372490124
                        ],
                        [
                            0.905661500163031,
                            0.951315591731423,
                            0.906256304733312,
                            0.959691115304297,
                            0.950975276979776,
                            0.967108013328287,
                            0.970988728181089,
                            0.944913415082593,
                            0.883017143452569,
                            0.909863114476255,
                            0.910359194649921,
                            0.885793728581204,
                            0.962797180310974,
                            0.988122541585701,
                            0.953808372490124,
                            1
                        ]
                    ],
                    "rows_clustered": [
                        [
                            1.0,
                            0.988122541585701,
                            0.984316357738568,
                            0.977197861574419,
                            0.940692753230892,
                            0.941319398953741,
                            0.94735511436204,
                            0.941498220233311,
                            0.951030707260932,
                            0.941375394019336,
                            0.920951485286274,
                            0.91280035788441,
                            0.890070137602063,
                            0.885067034761382,
                            0.856285756231715,
                            0.870514486963796
                        ],
                        [
                            0.988122541585701,
                            1.0,
                            0.967108013328287,
                            0.970988728181089,
                            0.951315591731423,
                            0.959691115304297,
                            0.950975276979776,
                            0.944913415082593,
                            0.962797180310974,
                            0.953808372490124,
                            0.909863114476255,
                            0.910359194649921,
                            0.905661500163031,
                            0.906256304733312,
                            0.883017143452569,
                            0.885793728581204
                        ],
                        [
                            0.984316357738568,
                            0.967108013328287,
                            1.0,
                            0.985364443009978,
                            0.934020582079852,
                            0.931660348148398,
                            0.953348261271629,
                            0.946183026185974,
                            0.932585122299631,
                            0.919893677545004,
                            0.944834453569285,
                            0.93598844739778,
                            0.88313201216248,
                            0.874885353085082,
                            0.867363609440559,
                            0.882152370280511
                        ],
                        [
                            0.977197861574419,
                            0.970988728181089,
                            0.985364443009978,
                            1.0,
                            0.942367471255815,
                            0.944293693489889,
                            0.973095890812399,
                            0.975695755949169,
                            0.949377786614419,
                            0.946313072673676,
                            0.926995510271326,
                            0.924645139497045,
                            0.898814798613493,
                            0.897688686021369,
                            0.892077682005758,
                            0.909688502980081
                        ],
                        [
                            0.940692753230892,
                            0.951315591731423,
                            0.934020582079852,
                            0.942367471255815,
                            1.0,
                            0.995181217799115,
                            0.928659680367725,
                            0.923443225420383,
                            0.930738644264885,
                            0.92336961686118,
                            0.928669231702113,
                            0.936301378154799,
                            0.958917234252736,
                            0.956298007286007,
                            0.91411221675837,
                            0.916982725947148
                        ],
                        [
                            0.941319398953741,
                            0.959691115304297,
                            0.931660348148398,
                            0.944293693489889,
                            0.995181217799115,
                            1.0,
                            0.928676006402834,
                            0.926382239950023,
                            0.936062157853397,
                            0.929224138344874,
                            0.920578320785522,
                            0.929136504727622,
                            0.956097275184527,
                            0.956834334008117,
                            0.919986499768194,
                            0.918423224888931
                        ],
                        [
                            0.94735511436204,
                            0.950975276979776,
                            0.953348261271629,
                            0.973095890812399,
                            0.928659680367725,
                            0.928676006402834,
                            1.0,
                            0.992721754838846,
                            0.980478439366401,
                            0.977268513872824,
                            0.913868017313863,
                            0.913225859646984,
                            0.93917855252105,
                            0.934797016054322,
                            0.926293878480205,
                            0.938172767823622
                        ],
                        [
                            0.941498220233311,
                            0.944913415082593,
                            0.946183026185974,
                            0.975695755949169,
                            0.923443225420383,
                            0.926382239950023,
                            0.992721754838846,
                            1.0,
                            0.976516136062005,
                            0.979957072387496,
                            0.905061522729923,
                            0.905541677588967,
                            0.933995676899081,
                            0.933590018922577,
                            0.928315350826581,
                            0.948278184214508
                        ],
                        [
                            0.951030707260932,
                            0.962797180310974,
                            0.932585122299631,
                            0.949377786614419,
                            0.930738644264885,
                            0.936062157853397,
                            0.980478439366401,
                            0.976516136062005,
                            1.0,
                            0.994776978112475,
                            0.891794779147807,
                            0.8914706783358,
                            0.955175394880951,
                            0.95235062545465,
                            0.921877720059379,
                            0.927027471799434
                        ],
                        [
                            0.941375394019336,
                            0.953808372490124,
                            0.919893677545004,
                            0.946313072673676,
                            0.92336961686118,
                            0.929224138344874,
                            0.977268513872824,
                            0.979957072387496,
                            0.994776978112475,
                            1.0,
                            0.871905482355544,
                            0.874761749454645,
                            0.949846611699511,
                            0.952477418489849,
                            0.915480930365979,
                            0.930487952197564
                        ],
                        [
                            0.920951485286274,
                            0.909863114476255,
                            0.944834453569285,
                            0.926995510271326,
                            0.928669231702113,
                            0.920578320785522,
                            0.913868017313863,
                            0.905061522729923,
                            0.891794779147807,
                            0.871905482355544,
                            1.0,
                            0.994854765612321,
                            0.895557129290791,
                            0.883389620414748,
                            0.923473860382633,
                            0.928570130898908
                        ],
                        [
                            0.91280035788441,
                            0.910359194649921,
                            0.93598844739778,
                            0.924645139497045,
                            0.936301378154799,
                            0.929136504727622,
                            0.913225859646984,
                            0.905541677588967,
                            0.8914706783358,
                            0.874761749454645,
                            0.994854765612321,
                            1.0,
                            0.901046387901397,
                            0.892970747512467,
                            0.93980874798006,
                            0.94340529938002
                        ],
                        [
                            0.890070137602063,
                            0.905661500163031,
                            0.88313201216248,
                            0.898814798613493,
                            0.958917234252736,
                            0.956097275184527,
                            0.93917855252105,
                            0.933995676899081,
                            0.955175394880951,
                            0.949846611699511,
                            0.895557129290791,
                            0.901046387901397,
                            1.0,
                            0.995311713898669,
                            0.94584464068132,
                            0.943706090817331
                        ],
                        [
                            0.885067034761382,
                            0.906256304733312,
                            0.874885353085082,
                            0.897688686021369,
                            0.956298007286007,
                            0.956834334008117,
                            0.934797016054322,
                            0.933590018922577,
                            0.95235062545465,
                            0.952477418489849,
                            0.883389620414748,
                            0.892970747512467,
                            0.995311713898669,
                            1.0,
                            0.947949417935447,
                            0.946072776041015
                        ],
                        [
                            0.856285756231715,
                            0.883017143452569,
                            0.867363609440559,
                            0.892077682005758,
                            0.91411221675837,
                            0.919986499768194,
                            0.926293878480205,
                            0.928315350826581,
                            0.921877720059379,
                            0.915480930365979,
                            0.923473860382633,
                            0.93980874798006,
                            0.94584464068132,
                            0.947949417935447,
                            1.0,
                            0.987692234628211
                        ],
                        [
                            0.870514486963796,
                            0.885793728581204,
                            0.882152370280511,
                            0.909688502980081,
                            0.916982725947148,
                            0.918423224888931,
                            0.938172767823622,
                            0.948278184214508,
                            0.927027471799434,
                            0.930487952197564,
                            0.928570130898908,
                            0.94340529938002,
                            0.943706090817331,
                            0.946072776041015,
                            0.987692234628211,
                            1.0
                        ]
                    ],
                    "xcats": [
                        "GSM1275862",
                        "GSM1275863",
                        "GSM1275864",
                        "GSM1275865",
                        "GSM1275866",
                        "GSM1275867",
                        "GSM1275868",
                        "GSM1275869",
                        "GSM1275870",
                        "GSM1275871",
                        "GSM1275872",
                        "GSM1275873",
                        "GSM1275874",
                        "GSM1275875",
                        "GSM1275876",
                        "GSM1275877"
                    ],
                    "ycats": [
                        "GSM1275862",
                        "GSM1275863",
                        "GSM1275864",
                        "GSM1275865",
                        "GSM1275866",
                        "GSM1275867",
                        "GSM1275868",
                        "GSM1275869",
                        "GSM1275870",
                        "GSM1275871",
                        "GSM1275872",
                        "GSM1275873",
                        "GSM1275874",
                        "GSM1275875",
                        "GSM1275876",
                        "GSM1275877"
                    ],
                    "xcats_clustered": [
                        "GSM1275875",
                        "GSM1275877",
                        "GSM1275867",
                        "GSM1275868",
                        "GSM1275863",
                        "GSM1275865",
                        "GSM1275866",
                        "GSM1275869",
                        "GSM1275874",
                        "GSM1275876",
                        "GSM1275871",
                        "GSM1275872",
                        "GSM1275862",
                        "GSM1275864",
                        "GSM1275870",
                        "GSM1275873"
                    ],
                    "ycats_clustered": [
                        "GSM1275875",
                        "GSM1275877",
                        "GSM1275867",
                        "GSM1275868",
                        "GSM1275863",
                        "GSM1275865",
                        "GSM1275866",
                        "GSM1275869",
                        "GSM1275874",
                        "GSM1275876",
                        "GSM1275871",
                        "GSM1275872",
                        "GSM1275862",
                        "GSM1275864",
                        "GSM1275870",
                        "GSM1275873"
                    ],
                    "xcats_samples": true,
                    "ycats_samples": true
                }
            ],
            "pconfig": {
                "id": "correlation_heatmap",
                "title": "Sample-to-sample Correlation",
                "subtitle": null,
                "anchor": "correlation_heatmap",
                "table_title": null,
                "height": null,
                "width": null,
                "square": true,
                "logswitch": false,
                "logswitch_active": false,
                "logswitch_label": "Log10",
                "cpswitch": true,
                "cpswitch_c_active": true,
                "cpswitch_counts_label": "Counts",
                "cpswitch_percent_label": "Percentages",
                "xLog": null,
                "yLog": null,
                "xlog": false,
                "ylog": false,
                "data_labels": [],
                "xTitle": null,
                "yTitle": null,
                "xlab": "x",
                "ylab": "y",
                "xsuffix": null,
                "ysuffix": null,
                "tt_suffix": null,
                "xLabFormat": null,
                "yLabFormat": null,
                "xLabelFormat": null,
                "yLabelFormat": null,
                "xlab_format": null,
                "ylab_format": null,
                "tt_label": null,
                "xDecimals": null,
                "yDecimals": null,
                "decimalPlaces": 2,
                "x_decimals": null,
                "y_decimals": null,
                "tt_decimals": 2,
                "xmin": null,
                "xmax": null,
                "ymin": null,
                "ymax": null,
                "xFloor": null,
                "xCeiling": null,
                "yFloor": null,
                "yCeiling": null,
                "x_clipmin": null,
                "x_clipmax": null,
                "y_clipmin": null,
                "y_clipmax": null,
